// rows|columns : initial_state : final_state
/// 3x3
3|3 : 3|8|7|2|6|4|0|5|1 : 0|3|7|2|8|1|5|4|6 // 1
3|3 : 4|2|7|1|0|8|3|6|5 : 4|7|8|2|0|5|1|3|6 // 2
3|3 : 2|6|7|4|8|3|5|1|0 : 6|0|7|2|4|8|5|1|3 // 3
3|3 : 8|1|3|2|5|7|0|4|6 : 8|3|7|4|2|1|0|5|6 // 4
3|3 : 2|4|7|1|0|5|8|6|3 : 4|7|5|2|6|0|1|8|3 // 5
3|3 : 2|1|4|6|7|0|3|5|8 : 1|4|7|2|0|6|3|5|8 // 6
3|3 : 4|1|6|8|5|7|3|2|0 : 8|4|1|5|2|6|3|0|7 // 7
3|3 : 1|8|2|0|4|3|7|6|5 : 1|2|3|4|5|6|7|8|0 // 8
3|3 : 4|0|3|7|2|1|5|8|6 : 2|0|3|4|1|6|7|5|8 // 9
3|3 : 2|1|0|5|4|3|8|7|6 : 4|2|3|5|1|6|0|8|7 // 10

/// 3x4
3|4 : 7|10|1|8|3|11|4|0|6|5|9|2 : 10|1|11|8|0|5|9|4|7|3|6|2 // 11

/// 4x3
4|3 : 1|2|3|0|5|6|4|11|8|7|10|9 : 1|2|3|4|5|6|7|8|9|10|11|0 // 12

/// 4x4
4|4 : 11|8|9|1|10|0|7|6|15|13|4|5|14|3|2|12 : 0|8|9|1|11|13|7|6|10|4|5|12|15|14|3|2 // 13
4|4 : 15|12|10|1|5|2|4|6|8|7|9|0|14|13|11|3 : 12|10|4|1|15|2|7|6|14|5|0|9|13|11|8|3 // 14
4|4 : 2|0|8|3|1|5|7|4|9|6|10|11|13|14|15|12 : 1|2|3|4|5|6|7|8|9|10|11|12|13|14|15|0 // 15